97
   -950  0.0270    0.00  0.00 75.50 23.20  0.00  0.00  0.00  0.00  0.00  1.30  0.00  0.00
   -897  0.0800    9.47  9.66  8.92 70.74  0.18  0.00  0.18  0.28  0.28  0.10  0.18  0.00
   -845  0.1340   10.22 10.41  3.69 74.48  0.20  0.00  0.20  0.30  0.30  0.01  0.20  0.00
   -793  0.1876   10.27 10.47  3.31 74.75  0.20  0.00  0.20  0.30  0.30  0.00  0.20  0.00
   -741  0.2411   10.29 10.49  3.15 74.86  0.20  0.00  0.20  0.30  0.30  0.00  0.20  0.00
   -689  0.2947   10.46 17.70  2.74 68.02  0.19  0.00  0.18  0.28  0.28  0.00  0.18  0.00
   -637  0.3482   10.72 29.32  2.15 56.90  0.17  0.00  0.13  0.23  0.23  0.00  0.13  0.00
   -585  0.4018   10.91 37.73  1.73 48.85  0.15  0.00  0.11  0.21  0.21  0.00  0.11  0.00
   -534  0.4548   11.06 44.06  1.41 42.80  0.14  0.00  0.08  0.18  0.18  0.00  0.08  0.00
   -482  0.5078   11.17 49.02  1.16 38.05  0.13  0.00  0.07  0.17  0.17  0.00  0.07  0.00
   -430  0.5614   11.26 53.06  0.96 34.18  0.13  0.00  0.05  0.15  0.15  0.00  0.05  0.00
   -378  0.6149   11.34 56.39  0.79 31.00  0.12  0.00  0.04  0.14  0.14  0.00  0.04  0.00
   -327  0.6679   11.40 59.14  0.65 28.37  0.12  0.00  0.03  0.13  0.13  0.00  0.03  0.00
   -275  0.7210   11.45 61.48  0.53 26.13  0.11  0.00  0.02  0.12  0.12  0.00  0.02  0.00
   -223  0.7745   11.50 63.52  0.43 24.18  0.11  0.00  0.02  0.12  0.12  0.00  0.02  0.00
   -171  0.8281   11.54 65.29  0.34 22.49  0.10  0.00  0.01  0.11  0.11  0.00  0.01  0.00
   -120  0.8811   11.57 66.82  0.26 21.02  0.10  0.00  0.00  0.10  0.10  0.00  0.00  0.00
   -101  0.9171   11.59 67.77  0.22 20.12  0.10  0.00  0.00  0.10  0.10  0.00  0.00  0.00
    -83  0.9354   11.54 65.82  0.34 21.98  0.09  0.00  0.01  0.10  0.11  0.00  0.01  0.00
    -73  0.9479   11.41 60.59  0.65 26.99  0.08  0.00  0.02  0.10  0.12  0.00  0.02  0.00
    -63  0.9568   11.32 56.84  0.88 30.58  0.07  0.00  0.03  0.10  0.13  0.00  0.03  0.00
    -53  0.9657   11.22 53.16  1.10 34.10  0.06  0.00  0.04  0.10  0.14  0.00  0.04  0.00
    -43  0.9746   11.13 49.55  1.32 37.55  0.05  0.00  0.05  0.10  0.15  0.00  0.05  0.00
    -33  0.9836   11.04 46.01  1.54 40.95  0.04  0.00  0.06  0.10  0.16  0.00  0.06  0.00
    -23  0.9925   10.96 42.52  1.75 44.28  0.04  0.00  0.06  0.10  0.16  0.00  0.06  0.00
    -13  1.0014   10.87 39.11  1.95 47.55  0.03  0.00  0.07  0.10  0.17  0.00  0.07  0.00
     -3  1.0104   10.79 35.75  2.16 50.77  0.02  0.00  0.08  0.10  0.18  0.00  0.08  0.00
      7  1.0193   10.70 32.45  2.36 53.93  0.01  0.00  0.09  0.10  0.19  0.00  0.09  0.00
     18  1.0287   10.62 28.19  2.53 58.07  0.01  0.00  0.10  0.10  0.20  0.00  0.10  0.00
     28  1.0300   10.58 14.45  2.32 72.04  0.09  0.00  0.10  0.11  0.20  0.00  0.10  0.00
     38  1.0417   10.44 12.72  2.73 73.39  0.17  0.00  0.09  0.17  0.21  0.00  0.09  0.00
     49  1.0540   10.27 14.04  3.30 71.54  0.24  0.00  0.07  0.24  0.23  0.00  0.07  0.00
     59  1.0662   10.10 15.33  3.86 69.73  0.31  0.00  0.06  0.31  0.24  0.00  0.06  0.00
     69  1.0779    9.94 16.53  4.39 68.05  0.37  0.00  0.05  0.37  0.25  0.00  0.05  0.00
     80  1.0902    9.78 17.76  4.92 66.32  0.44  0.00  0.03  0.44  0.27  0.00  0.03  0.00
    100  1.1083    9.55 19.53  5.69 63.84  0.54  0.00  0.01  0.54  0.29  0.00  0.01  0.00
    120  1.0821    9.82 45.89  2.61 36.38  0.04  0.03  1.57  0.15  0.18  0.00  0.08  3.25
    140  1.0940    9.69 46.45  2.46 35.23  0.02  0.03  1.86  0.13  0.17  0.00  0.08  3.88
    160  1.1058    9.53 45.67  2.51 35.43  0.02  0.04  2.07  0.14  0.16  0.00  0.08  4.35
    180  1.1177    9.38 44.92  2.55 35.63  0.02  0.04  2.28  0.14  0.16  0.00  0.08  4.80
    200  1.1295    9.23 44.18  2.59 35.83  0.02  0.05  2.48  0.15  0.15  0.00  0.08  5.25
    225  1.1429    9.06 43.36  2.64 36.05  0.03  0.05  2.70  0.15  0.15  0.00  0.07  5.74
    250  1.1577    8.88 42.48  2.69 36.29  0.03  0.06  2.94  0.16  0.14  0.00  0.07  6.27
    275  1.1725    8.71 41.62  2.73 36.52  0.03  0.06  3.18  0.16  0.14  0.00  0.07  6.79
    300  1.1873    8.54 40.78  2.78 36.74  0.03  0.06  3.41  0.16  0.14  0.00  0.07  7.29
    325  1.2021    8.37 39.96  2.83 36.96  0.03  0.07  3.63  0.17  0.13  0.00  0.07  7.79
    350  1.2169    8.21 39.16  2.87 37.17  0.04  0.07  3.85  0.17  0.13  0.00  0.06  8.27
    375  1.2318    8.05 38.38  2.92 37.38  0.04  0.08  4.06  0.18  0.12  0.00  0.06  8.73
    400  1.2466    7.90 37.62  2.96 37.58  0.04  0.08  4.27  0.18  0.12  0.00  0.06  9.19
    425  1.2614    7.74 36.88  3.00 37.78  0.04  0.09  4.47  0.19  0.11  0.00  0.06  9.64
    450  1.2762    7.60 36.16  3.04 37.98  0.04  0.09  4.67  0.19  0.11  0.00  0.06 10.07
    475  1.2910    7.45 35.45  3.08 38.17  0.05  0.09  4.86  0.19  0.11  0.00  0.05 10.50
    500  1.3058    7.31 34.76  3.12 38.35  0.05  0.10  5.05  0.20  0.10  0.00  0.05 10.92
    525  1.3206    7.18 34.08  3.16 38.53  0.05  0.10  5.23  0.20  0.10  0.00  0.05 11.32
    550  1.3354    7.04 33.42  3.19 38.71  0.05  0.10  5.41  0.20  0.10  0.00  0.05 11.72
    575  1.3503    6.91 32.77  3.23 38.88  0.05  0.11  5.59  0.21  0.09  0.00  0.05 12.11
    600  1.3651    6.78 32.14  3.27 39.05  0.06  0.11  5.76  0.21  0.09  0.00  0.04 12.49
    625  1.3799    6.66 31.52  3.30 39.22  0.06  0.11  5.93  0.21  0.09  0.00  0.04 12.86
    650  1.3947    6.53 30.91  3.33 39.38  0.06  0.12  6.10  0.22  0.08  0.00  0.04 13.23
    675  1.4095    6.41 30.32  3.37 39.54  0.06  0.12  6.26  0.22  0.08  0.00  0.04 13.58
    700  1.4243    6.29 29.74  3.40 39.69  0.06  0.12  6.42  0.22  0.08  0.00  0.04 13.93
    725  1.4391    6.18 29.17  3.43 39.84  0.06  0.13  6.57  0.23  0.07  0.00  0.04 14.27
    750  1.4540    6.07 28.62  3.46 39.99  0.06  0.13  6.72  0.23  0.07  0.00  0.04 14.61
    775  1.4688    5.95 28.07  3.49 40.14  0.07  0.13  6.87  0.23  0.07  0.00  0.03 14.94
    800  1.4836    5.85 27.54  3.52 40.28  0.07  0.14  7.02  0.24  0.06  0.00  0.03 15.26
    825  1.4984    5.74 27.01  3.55 40.42  0.07  0.14  7.16  0.24  0.06  0.00  0.03 15.57
    850  1.5132    5.63 26.50  3.58 40.56  0.07  0.14  7.30  0.24  0.06  0.00  0.03 15.88
    875  1.5280    5.53 25.99  3.61 40.69  0.07  0.14  7.44  0.24  0.06  0.00  0.03 16.19
    900  1.5428    5.43 25.50  3.64 40.83  0.07  0.15  7.57  0.25  0.05  0.00  0.03 16.48
    925  1.5577    5.33 25.02  3.67 40.96  0.07  0.15  7.70  0.25  0.05  0.00  0.03 16.77
    950  1.5725    5.24 24.54  3.69 41.08  0.08  0.15  7.83  0.25  0.05  0.00  0.02 17.06
    975  1.5873    5.14 24.07  3.72 41.21  0.08  0.15  7.96  0.25  0.05  0.00  0.02 17.34
   1000  1.6021    5.05 23.62  3.74 41.33  0.08  0.16  8.09  0.26  0.04  0.00  0.02 17.62
   1025  1.6169    4.96 23.17  3.77 41.45  0.08  0.16  8.21  0.26  0.04  0.00  0.02 17.89
   1050  1.6317    4.87 22.73  3.79 41.57  0.08  0.16  8.33  0.26  0.04  0.00  0.02 18.15
   1075  1.6465    4.78 22.29  3.82 41.68  0.08  0.16  8.45  0.26  0.04  0.00  0.02 18.41
   1100  1.6614    4.69 21.87  3.84 41.80  0.08  0.17  8.56  0.27  0.03  0.00  0.02 18.67
   1125  1.6762    4.61 21.45  3.87 41.91  0.08  0.17  8.68  0.27  0.03  0.00  0.02 18.92
   1150  1.6910    4.53 21.04  3.89 42.02  0.09  0.17  8.79  0.27  0.03  0.00  0.01 19.17
   1175  1.7058    4.44 20.64  3.91 42.13  0.09  0.17  8.90  0.27  0.03  0.00  0.01 19.41
   1200  1.7206    4.36 20.24  3.93 42.23  0.09  0.17  9.01  0.27  0.03  0.00  0.01 19.65
   1225  1.7354    4.28 19.85  3.96 42.34  0.09  0.18  9.11  0.28  0.02  0.00  0.01 19.88
   1250  1.7502    4.21 19.47  3.98 42.44  0.09  0.18  9.22  0.28  0.02  0.00  0.01 20.11
   1275  1.7650    4.13 19.09  4.00 42.54  0.09  0.18  9.32  0.28  0.02  0.00  0.01 20.34
   1300  1.7799    4.05 18.72  4.02 42.64  0.09  0.18  9.42  0.28  0.02  0.00  0.01 20.56
   1325  1.7947    3.98 18.36  4.04 42.74  0.09  0.18  9.52  0.28  0.02  0.00  0.01 20.78
   1350  1.8095    3.91 18.00  4.06 42.83  0.09  0.19  9.62  0.29  0.01  0.00  0.01 21.00
   1375  1.8243    3.84 17.65  4.08 42.93  0.09  0.19  9.71  0.29  0.01  0.00  0.01 21.21
   1400  1.8391    3.77 17.30  4.10 43.02  0.10  0.19  9.81  0.29  0.01  0.00  0.00 21.42
   1425  1.8539    3.70 16.96  4.12 43.11  0.10  0.19  9.90  0.29  0.01  0.00  0.00 21.62
   1450  1.8687    3.63 16.63  4.14 43.20  0.10  0.19  9.99  0.29  0.01  0.00  0.00 21.82
   1475  1.8836    3.56 16.30  4.16 43.29  0.10  0.20 10.08  0.30  0.00  0.00  0.00 22.02
   1500  1.8984    3.50 15.97  4.17 43.37  0.10  0.20 10.17  0.30  0.00  0.00  0.00 22.22
   1525  1.9132    3.43 15.65  4.19 43.46  0.10  0.20 10.26  0.30  0.00  0.00  0.00 22.41
   1550  1.9280    3.40 15.50  4.20 43.50  0.10  0.20 10.30  0.30  0.00  0.00  0.00 22.50
   1575  1.9428    3.40 15.50  4.20 43.50  0.10  0.20 10.30  0.30  0.00  0.00  0.00 22.50
   1600  1.9576    3.40 15.50  4.20 43.50  0.10  0.20 10.30  0.30  0.00  0.00  0.00 22.50
#   HU     rho      H     C     N     O     Na    Mg    P     S     Cl    Ar    K     Ca
#                   1     2     3     4     5     6     7     8     9     10    11    12

# HU to elemental weights from Schneider et al, Phys. Med. Biol. 45 (2000) 459-478
